20 20 10
6
2 A 5 5 2
3 B 4 2 3
1 F 10 2 4
1 C 6 2 5
3 D 2 6 7
1 E 1 6 5
1 I 2 2 2
2 A 5 5 2
3 B 4 2 3
1 F 10 2 4
1 C 6 2 5
3 D 2 6 7
1 E 1 6 5
1 I 2 2 2
2 A 5 5 2
3 B 4 2 3
1 F 10 2 4
1 C 6 2 5
3 D 2 6 7
1 E 1 6 5
1 I 2 2 2
2 A 5 5 2
3 B 4 2 3
1 F 10 2 4
1 C 6 2 5
3 D 2 6 7
1 E 1 6 5
1 I 2 2 2
2 A 5 5 2
3 B 4 2 3
1 F 10 2 4
1 C 6 2 5
3 D 2 6 7
1 E 1 6 5
1 I 2 2 2
2 A 5 5 2
3 B 4 2 3
1 F 10 2 4
1 C 6 2 5
3 D 2 6 7
1 E 1 6 5
1 I 2 2 2
2 A 5 5 2
3 B 4 2 3
1 F 10 2 4
1 C 6 2 5
3 D 2 6 7
1 E 1 6 5
1 I 2 2 2
2 A 5 5 2
3 B 4 2 3
1 F 10 2 4
1 C 6 2 5
3 D 2 6 7
1 E 1 6 5
1 I 2 2 2
2 A 5 5 2
3 B 4 2 3
1 F 10 2 4
1 C 6 2 5
3 D 2 6 7
1 E 1 6 5
1 I 2 2 2
2 A 5 5 2
3 B 4 2 3
1 F 10 2 4
1 C 6 2 5
3 D 2 6 7
1 E 1 6 5
1 I 2 2 2
2 A 5 5 2
3 B 4 2 3
1 F 10 2 4
1 C 6 2 5
3 D 2 6 7
1 E 1 6 5
1 I 2 2 2
2 A 5 5 2
3 B 4 2 3
1 F 10 2 4
1 C 6 2 5
3 D 2 6 7
1 E 1 6 5
1 I 2 2 2
